61
16 16 16 16
16 32 16 16
16 48 16 16
16 64 16 16
16 80 16 16
16 96 16 16
16 112 16 16
16 128 16 16
16 144 16 16
32 144 16 16
48 144 16 16
64 144 16 16
80 144 16 16
80 160 16 16
80 176 16 16
80 192 16 16
80 208 16 16
96 208 16 16
112 208 16 16
112 224 16 16
128 224 16 16
144 224 16 16
144 240 16 16
160 240 16 16
176 240 16 16
192 240 16 16
208 240 16 16
224 240 16 16
240 240 16 16
256 240 16 16
272 240 16 16
288 240 16 16
304 240 16 16
320 224 16 16
320 240 16 16
336 224 16 16
352 224 16 16
368 224 16 16
368 208 16 16
384 208 16 16
400 208 16 16
416 208 16 16
416 192 16 16
432 176 16 16
432 192 16 16
432 160 16 16
432 144 16 16
432 128 16 16
432 112 16 16
448 112 16 16
464 112 16 16
480 112 16 16
480 96 16 16
496 80 16 16
496 96 16 16
496 64 16 16
496 48 16 16
496 32 16 16
496 16 16 16
496 0 16 16
16 0 16 16
